# Normalised values
0.029799
0.003545
0.007976
0.000886
0.018389
0.004099
0.000443
0.000111
0.000443
0.000222
0.000111
0.000111
0.000222
0.000443
0.000000
0.000111
0.000222
0.000222
0.000775
0.000554
0.000332
0.000111
0.000222
0.000000
0.000332
0.000111
0.000332
0.000443
0.000665
0.000111
0.000111
0.000554
0.000332
0.000332
0.000443
0.000775
0.000332
0.000443
0.001219
0.000665
0.000332
0.000222
0.000111
0.000111
0.000332
0.000775
0.000111
0.000332
0.000000
0.000222
0.000111
0.000665
0.000443
0.000332
0.000222
0.000222
0.000111
0.000443
0.000222
0.000111
0.000775
0.000111
0.000332
0.000554
0.000997
0.000554
0.000554
0.000886
0.001329
0.001440
0.002105
0.002880
0.002105
0.004099
0.005650
0.009970
0.014844
0.018500
0.014623
0.012629
0.010746
0.008752
0.009416
0.010856
0.014734
0.014401
0.014955
0.016617
0.022820
0.027584
0.034785
0.032569
0.035782
0.067243
0.096267
0.161959
0.117647
0.062368
0.055500
0.008087
